5_/7516/7516_mg_TH_0.jpg,0,0,0,0,1,0,0,0
5_/7516/7516_mg_TH_1.jpg,0,0,0,0,1,0,0,0
5_/7516/7516_mg_TH_10.jpg,0,0,0,0,1,0,0,0
5_/7516/7516_mg_TH_11.jpg,0,0,0,0,1,0,0,0
5_/7516/7516_mg_TH_12.jpg,0,0,0,0,1,0,0,0
5_/7516/7516_mg_TH_13.jpg,0,0,0,0,1,0,0,0
5_/7516/7516_mg_TH_14.jpg,0,0,0,0,1,0,0,0
5_/7516/7516_mg_TH_15.jpg,0,0,0,0,1,0,0,0
5_/7516/7516_mg_TH_16.jpg,0,0,0,0,1,0,0,0
5_/7516/7516_mg_TH_17.jpg,0,0,0,0,1,0,0,0
5_/7516/7516_mg_TH_18.jpg,0,0,0,0,1,0,0,0
5_/7516/7516_mg_TH_19.jpg,0,0,0,0,1,0,0,0
5_/7516/7516_mg_TH_2.jpg,0,0,0,0,1,0,0,0
5_/7516/7516_mg_TH_3.jpg,0,0,0,0,1,0,0,0
5_/7516/7516_mg_TH_4.jpg,0,0,0,0,1,0,0,0
5_/7516/7516_mg_TH_5.jpg,0,0,0,0,1,0,0,0
5_/7516/7516_mg_TH_6.jpg,0,0,0,0,1,0,0,0
5_/7516/7516_mg_TH_7.jpg,0,0,0,0,1,0,0,0
5_/7516/7516_mg_TH_8.jpg,0,0,0,0,1,0,0,0
5_/7516/7516_mg_TH_9.jpg,0,0,0,0,1,0,0,0
